┌─────────┬───────────────────┬────────────────────────────────────────────────────────────────────────────────────────────────────────────────────────────────────────────────────────────────────────────────────────────────────────────────┬──────────────────────────────────────────────────────────────────────────────────┬─────────────────────────────────────┬──────────┐
│ F       │        A        B │      con      son      cnt      eje      rel      lat      nas      lab      rnd      cor      ant      grv      dor      frn      bck      hgt      low      atr      vce      crk      brt      dst      lng │  con-son  con-cnt  son-cnt  lat-nas  vce-son  lab-rnd  eje-rel  con-eje  con-rel │       C1       C2       C3       C4 │        R │
├─────────┼───────────────────┼────────────────────────────────────────────────────────────────────────────────────────────────────────────────────────────────────────────────────────────────────────────────────────────────────────────────┼──────────────────────────────────────────────────────────────────────────────────┼─────────────────────────────────────┼──────────┤
│ 0.88855 │  0.40296  0.70228 │  1.00000  1.00000  1.00000  0.00000  0.32413  0.61309  0.83383  1.00000  0.09540  1.00000  0.43972  0.09826  0.82754  0.00000  1.00000  0.00000  0.59072  0.04764  0.10747  0.00000  0.02750  0.94952  0.00000 │ -0.21167  1.04620  0.19783 -4.00000  0.89795                                     │  0.00000  0.00000  0.00000  0.00000 │  0.00000 │
│ 0.88604 │  1.71868  1.21930 │  0.61742  1.00000  0.96439  0.00000  0.52357  0.00000  0.01713  0.65742  0.01601  1.00000  0.27058  0.29616  0.21373  1.00000  0.00000  0.00000  0.14654  0.16470  1.00000  0.04774  0.00000  0.76596  0.06879 │ -0.51687  1.41843  1.02732 -3.00000 -0.57935                                     │  0.00000  0.00000  0.00000  0.00000 │  0.00000 │
│ 0.88705 | -3.00000 -3.00000 │  0.85208  1.00000  0.85166  0.00000  0.39508  0.28841  0.87949  0.85225  0.00000  1.00000  0.35660  0.00000  0.97193  1.00000  0.80341  0.20540  0.13028  0.05711  0.00000  0.49126  0.36977  0.60275  0.00000 │ -0.24361 -0.77026 -0.64123 -3.00000  0.80565                                     │  0.00000  0.00000  0.00000  0.00000 │  10.0000 │
│ 0.89859 |  0.14936  0.24245 │  0.53169  1.00000  0.95507  0.00000  0.79497  0.26247  1.00000  1.00000  0.15224  0.95298  0.57626  1.00000  0.47181  1.00000  0.00000  0.24496  0.86318  0.45293  0.76941  0.00000  0.27015  0.35077  0.15404 │ -0.69574  1.25917  0.09121 -2.23998  1.01440 -0.05705 -2.32259 -2.15243  2.17234 │  0.00000  0.00000  0.00000  0.00000 │  0.00000 │
│ 0.89157 |  0.00370  1.69288 │  0.79013  1.00000  0.98327  1.00000  0.95949  0.34956  1.00000  0.84185  0.00000  1.00000  0.33434  1.00000  0.30866  0.69247  0.00000  0.00000  0.80434  0.00000  0.19619  0.31412  0.00000  1.00000  0.68650 │ -0.19746  0.73514  0.14934 -2.17314  1.34933  0.65863 -3.00000 -1.71925  1.75462 │  0.00000  0.00000  0.00000  0.00000 │  0.00000 │
│ 0.90412 |  1.27706  1.65720 │  1.00000  1.00000  1.00000  0.00000  0.09852  0.00000  1.00000  1.00000  0.00000  0.75639  0.84083  0.81252  0.65435  0.57558  0.00000  1.00000  0.50790  0.00000  0.43816  0.13845  0.00000  1.00000  0.43394 │ -0.42424  1.85210  0.50262 -1.79454  0.67599 -0.22519 -3.00000  1.51672 -1.52819 │  0.00000  0.00000  0.00000  0.00000 │  0.00000 │
│ 0.88906 |  1.59336  1.96650 │  1.00000  1.00000  1.00000  0.53937  0.88089  1.00000  0.82796  1.00000  0.30091  1.00000  0.43474  0.93714  0.85753  1.00000  0.54397  0.01637  0.62333  0.31696  0.77622  0.40230  0.00000  0.92446  0.14019 │ -0.25133  0.13916 -0.58414 -2.94300  1.42806  0.20344 -3.19732 -2.79393  3.00000 │  0.00000  0.00000  0.00000  0.00000 │  0.00000 │
│ 0.91964 | -1.88202 -1.46157 │  0.83791  1.00000  1.00000  0.46407  0.56497  0.12395  1.00000  0.88271  0.00000  1.00000  0.54853  0.00000  0.84998  0.25369  0.00000  0.47868  0.27026  0.27226  0.00000  0.83634  0.47455  0.59773  0.00000 │ -0.09465  0.53488 -0.33352 -0.46151  0.35032 -0.18991 -2.67279 -3.00000  2.83224 │  0.00000  0.00000  0.00000  0.00000 │  0.00000 │
│ 0.89352 | -0.54963 -1.19369 │  1.00000  1.00000  1.00000  0.95736  0.66897  0.08429  0.05828  0.90487  0.40746  1.00000  1.00000  0.96639  1.00000  1.00000  0.61450  0.00000  1.00000  0.03546  0.23145  0.86479  0.48086  1.00000  0.36787 │ -0.29913  0.11370 -0.25279 -0.99826  1.80668  0.12220 -4.00000  0.29806 -0.56618 │  0.00000  0.00000  0.00000  0.00000 │  0.00000 │
│ 0.89558 |  0.31483  0.78469 │  1.00000  1.00000  0.89180  0.07358  0.00000  0.00000  0.95029  0.75635  0.00000  0.86843  0.63787  0.70101  1.00000  0.10499  0.00000  0.00000  0.53159  0.70494  0.00000  0.07769  0.11946  0.93578  0.43075 │  0.94173 -0.74106  0.21998 -1.64205  1.63571  0.21147 -2.96642 -0.13977 -1.10948 │  0.00000  0.00000  0.00000  0.00000 │  0.00000 │
│ 0.87349 |  1.18561  1.17800 │  1.00000  0.99629  0.88659  0.00146  0.05009  0.45041  0.21817  0.00000  0.02343  1.00000  0.40133  1.00000  0.14192  0.87597  0.39180  0.00000  0.74892  0.53298  0.90251  0.92193  0.75581  0.67172  0.98950 │  0.79265 -1.17218 -0.68707 -0.19557  1.41927 -1.70812 -3.00000 -3.00000  1.73549 │  0.00000  0.00000  0.00000  0.00000 │  0.00000 │
│ 0.89659 |  1.44230  1.41994 │  0.37629  0.96304  1.00000  0.00000  0.79900  0.71714  1.00000  0.53995  0.00000  1.00000  0.34609  0.83836  1.00000  0.51663  0.00000  0.28726  0.61123  0.36894  0.00000  0.63484  0.02845  0.00000  0.00000 │ -0.22060  0.32072  0.00858 -2.52221  0.36347 -0.00164 -2.20105  1.84885 -1.66572 │  0.00000  0.00000  0.00000  0.00000 │  0.00000 │
│ 0.89257 |  0.73756  0.72510 │  0.96603  0.32195  1.00000  0.87721  0.76601  1.00000  0.96025  1.00000  0.35483  1.00000  1.00000  1.00000  0.10252  0.81679  0.00000  0.49904  0.86422  1.00000  0.00948  0.73615  0.00000  1.00000  0.09174 │ -0.06876  0.79267  0.50862 -2.80952  1.89646 -0.30073 -3.00000  0.69722 -1.01239 │  0.00000  0.00000  0.00000  0.00000 │  0.00000 │
│ 0.90663 |  0.38876  1.27639 │  0.97510  1.10000  1.00000  1.00000  0.16106  0.04693  1.00000  0.80592  0.00000  1.00000  0.31185  0.45500  0.91850  0.53570  0.00000  0.00000  0.00000  0.16143  0.44100  0.90204  0.00000  0.06352  0.42935 │  1.29041 -1.03069 -0.14954 -1.53149  1.53332 -0.02781 -3.00000 -2.44921  0.98188 │  0.00000  0.00000  0.00000  0.00000 │  0.00000 │
│ 0.88102 |  0.32546  1.56482 │  0.92677  1.10000  0.00000  0.37961  0.22195  0.00000  1.00000  0.84269  0.48561  1.00000  0.23543  0.36780  0.89305  0.68505  0.00851  0.62181  0.08718  0.13927  1.00000  0.00000  0.00000  1.00000  0.00000 │  2.32708 -1.44825  1.97243 -3.00000 -0.49747 -0.67607 -3.00000 -0.77903  2.61816 │  0.00000  0.00000  0.00000  0.00000 │  0.00000 │
│ 0.89709 |  1.95002  1.87530 │  1.00000  1.10000  1.00000  0.00000  0.81715  0.23297  0.75628  0.94560  0.00000  0.52903  0.95135  1.00000  1.00000  0.62489  0.81834  0.00000  0.42274  0.00000  0.00000  0.59372  0.00000  0.79144  0.00000 │  0.00977  0.98307 -0.35629 -1.56095  0.72630  0.00162 -3.00000 -2.40982  3.00000 │  0.00000  0.00000  0.00000  0.00000 │  0.00000 │








